MEMORY
  total           13675 KB
  struct            159 KB
  buffer            203 KB
  arena           13312 KB, used 0.3%

SIZES
  narena                13631488
  nbuffer               208320
  nplugin               0
  maxuse_stack          3560
  maxuse_arena          40248
  maxuse_con            18
  maxuse_efc            72
  ncon                  4
  ne                    0
  nf                    0
  nl                    2
  nefc                  18
  nJ                    108
  nA                    0
  nisland               2
  nidof                 6
  ntree_awake           2
  nbody_awake           8
  nparent_awake         7
  nv_awake              6
  threadpool            0

TIMER
    0:  duration =  0.42       number = 3
    1:  duration =  0.41       number = 3
    2:  duration =  0          number = 0
    3:  duration =  0.35       number = 3
    4:  duration =  0.013      number = 3
    5:  duration =  0          number = 0
    6:  duration =  0.032      number = 3
    7:  duration =  0.0031     number = 3
    8:  duration =  0.023      number = 3
    9:  duration =  0.0064     number = 3
    10:  duration =  0.28       number = 3
    11:  duration =  0.042      number = 3
    12:  duration =  0.00041    number = 3
    13:  duration =  0.015      number = 3
    14:  duration =  0.23       number = 3

SOLVER STAT
  solver_fwdinv =   0         0       
  ISLAND 0
    solver_niter = 2
    solver_nnz = 9
      0:  improvement =  9e+03       gradient =  3.2         lineslope =  0       
          nactive = 9   nchange = 1   neval = 3   nupdate = 1
      1:  improvement =  1.2         gradient =  1.6e-14     lineslope =  0       
          nactive = 9   nchange = 0   neval = 2   nupdate = 0

  ISLAND 1
    solver_niter = 1
    solver_nnz = 9
      0:  improvement =  1.5e+04     gradient =  1.8e-13     lineslope =  0       
          nactive = 9   nchange = 0   neval = 2   nupdate = 0

ENERGY =   0         0       

TIME =  18      

QPOS
  -0.34    
  -0.76    
   11      
   0.37    
   0.72    
  -9.7     

QVEL
   0.15    
   0.53    
  -1.2     
   0.3     
   0.27    
  -1.5     

QACC_WARMSTART
   8.7     
   2e+02   
  -2.1e+02 
  -1.1e+02 
   2.5e+02 
  -1.4e+02 

QFRC_APPLIED
   0       
   0       
   0       
   0       
   0       
   0       

XFRC_APPLIED
   0         0         0         0         0         0       
   0         0         0         0         0         0       
   0         0         0         0         0         0       
   0         0         0         0         0         0       
   0         0         0         0         0         0       
   0         0         0         0         0         0       
   0         0         0         0         0         0       
   0         0         0         0         0         0       

QACC
   8.7     
   2e+02   
  -2.1e+02 
  -1.1e+02 
   2.5e+02 
  -1.4e+02 

TREE_ASLEEP
  -11
  -11

XPOS
   0         0         0       
   0         0         0       
   0.054     0.17      0.13    
   0.2       0.19      0.18    
   0.42      0.22      0.07    
   0.054    -0.17      0.13    
   0.19     -0.19      0.18    
   0.42     -0.22      0.068   

XQUAT
   1         0         0         0       
   1         0         0         0       
   0.7      -0.7      -0.12     -0.12    
   0.6      -0.6      -0.37     -0.37    
   0.099    -0.099    -0.7      -0.7     
   0.7       0.7      -0.13      0.13    
   0.61      0.61     -0.37      0.37    
  -0.29     -0.29     -0.64      0.64    

XMAT
   1         0         0         0         1         0         0         0         1       
   1         0         0         0         1         0         0         0         1       
   0.94      0.34      0         1.4e-06  -4e-06     1         0.34     -0.94     -4.2e-06 
   0.45      0.9      -5.6e-17   3.8e-06  -1.9e-06   1         0.9      -0.45     -4.2e-06 
  -0.96      0.28     -2.8e-17   1.2e-06   4.1e-06   1         0.28      0.96     -4.2e-06 
   0.93     -0.36     -2.8e-17  -1.5e-06  -4e-06    -1         0.36      0.93     -4.2e-06 
   0.47     -0.88     -5.6e-17  -3.8e-06  -2e-06    -1         0.88      0.47     -4.2e-06 
  -0.66      0.75     -5.6e-17   3.2e-06   2.8e-06  -1        -0.75     -0.66     -4.2e-06 

XIPOS
   0         0         0       
  -0.0076    0.0067    0.12    
   0.11      0.18      0.15    
   0.34      0.2       0.11    
   0.42      0.24      0.07    
   0.11     -0.18      0.15    
   0.33     -0.2       0.11    
   0.41     -0.24      0.068   

XIMAT
   1         0         0         0         1         0         0         0         1       
   1         0.0055    0.0094   -0.0004    0.88     -0.47     -0.011     0.47      0.88    
   0.09     -0.34      0.94      0.99     -0.041    -0.11      0.076     0.94      0.34    
   0.017    -0.45     -0.89      1        -0.03      0.034    -0.042    -0.89      0.44    
   0.38      0.92     -0.081    -0.11      0.13      0.98      0.92     -0.37      0.15    
   0.11      0.35      0.93     -0.99      0.027     0.11      0.014    -0.93      0.35    
   0.045    -0.47      0.88     -1        -0.033     0.034     0.013    -0.88     -0.47    
  -0.74      0.67     -0.015    -0.11     -0.15     -0.98     -0.66     -0.73      0.18    

XANCHOR
   0.054     0.17      0.13    
   0.2       0.19      0.18    
   0.42      0.22      0.07    
   0.054    -0.17      0.13    
   0.19     -0.19      0.18    
   0.42     -0.22      0.068   

XAXIS
   0         1        -4.2e-06 
   0         1        -4.2e-06 
  -5.6e-17   1        -4.2e-06 
   0        -1        -4.2e-06 
  -2.8e-17  -1        -4.2e-06 
  -5.6e-17  -1        -4.2e-06 

GEOM_XPOS
   0         0         0       
   0.00016   0.0021    0.11    
   0.1       0.18      0.15    
   0.33      0.2       0.11    
   0.42      0.25      0.07    
   0.1      -0.18      0.15    
   0.33     -0.2       0.11    
   0.42     -0.25      0.068   

GEOM_XMAT
   1         0         0         0         1         0         0         0         1       
   0.034    -1         0.0035    0.012    -0.0031   -1         1         0.034     0.012   
  -0.024    -0.34      0.94      1        -0.00093   0.026    -0.0079    0.94      0.34    
   0.012    -0.45     -0.9       1         0.0021    0.012    -0.0034   -0.9       0.45    
  -0.96      0.28     -2.8e-17   1.2e-06   4.1e-06   1         0.28      0.96     -4.2e-06 
  -0.024     0.36      0.93     -1         0.00093  -0.026    -0.01     -0.93      0.36    
   0.0096   -0.47      0.88     -1         0.0022    0.012    -0.0075   -0.88     -0.47    
  -0.66      0.75     -5.6e-17   3.2e-06   2.8e-06  -1        -0.75     -0.66     -4.2e-06 

LIGHT_XPOS
   0         0         1e+03   

LIGHT_XDIR
   0         0        -1       

SUBTREE_COM
   0.1       0.0048    0.11    
   0.1       0.0048    0.11    
   0.37      0.23      0.086   
   0.4       0.23      0.079   
   0.42      0.24      0.07    
   0.37     -0.23      0.085   
   0.4      -0.23      0.078   
   0.41     -0.24      0.068   

CDOF
   0         1        -4.2e-06  -0.019    -2e-07    -0.046   
   0         1        -4.2e-06  -0.069     4e-07     0.095   
  -5.6e-17   1        -4.2e-06   0.042     1.4e-06   0.32    
   0        -1        -4.2e-06   0.019    -2e-07     0.046   
  -2.8e-17  -1        -4.2e-06   0.073     4e-07    -0.094   
  -5.6e-17  -1        -4.2e-06  -0.044     1.3e-06  -0.32    

CINERT
   0         0         0         0         0         0         0         0         0         0       
   0.33      0.33      0.32      0.0018    0.009     0.0066   -0.95      0.017     0.094     8.8     
   0.0055    0.0014    0.0061   -0.00017  -0.00041  -0.0011    0.0016    0.028     0.0063    0.16    
   0.016     0.033     0.044    -0.016     0.0051   -7.6e-05   0.085     0.07     -0.00059   0.36    
   0.073     0.13      0.19     -0.092     0.016     0.012     0.39      0.29     -0.052     1.2     
   0.0061    0.0014    0.0066    0.00018  -0.00043   0.0011    0.0016   -0.03      0.0063    0.16    
   0.018     0.032     0.045     0.017     0.0052    9.7e-05   0.085    -0.073    -0.00049   0.36    
   0.079     0.13      0.2       0.095     0.017    -0.013     0.38     -0.3      -0.054     1.2     

CRB
   0         0         0         0         0         0         0         0         0         0       
   0.52      0.65      0.82      0.005     0.052     0.0056    1.1e-16   1.1e-16   2.1e-17   12      
   0.094     0.16      0.24     -0.11      0.021     0.011     0.48      0.39     -0.046     1.7     
   0.089     0.16      0.24     -0.11      0.022     0.012     0.47      0.36     -0.052     1.6     
   0.073     0.13      0.19     -0.092     0.016     0.012     0.39      0.29     -0.052     1.2     
   0.1       0.16      0.25      0.11      0.022    -0.012     0.47     -0.4      -0.048     1.7     
   0.096     0.16      0.24      0.11      0.022    -0.013     0.47     -0.37     -0.055     1.6     
   0.079     0.13      0.2       0.095     0.017    -0.013     0.38     -0.3      -0.054     1.2     

QM
   0.21    
   0.14      0.1     
   0.0017    0.0018    0.0017  
                                 0.21    
                                 0.14      0.1     
                                 0.0017    0.0017    0.0017  

M
     0:  0.21    
     0:  0.14       1:  0.1     
     0:  0.0017     1:  0.0018     2:  0.0017  
     3:  0.21    
     3:  0.14       4:  0.1     
     3:  0.0017     4:  0.0017     5:  0.0017  

QLD
     0:  0.023   
     0:  1.4        1:  0.098   
     0:  1          1:  1          2:  0.0017  
     3:  0.024   
     3:  1.4        4:  0.098   
     3:  0.96       4:  0.99       5:  0.0017  

QLDIAGINV
   44      
   10      
   5.7e+02 
   41      
   10      
   5.7e+02 

M: inertia structure
--------
 x      |
 xx     |
 xxx    |
    x   |
    xx  |
    xxx |
--------

iM: block-diagonal inertia (nnzs are island ids)
--------
 0      |
 00     |
 000    |
    1   |
    11  |
    111 |
--------

TREE_AWAKE
  1 1

BODY_AWAKE
  -1 -1 1 1 1 1 1 1

BODY_AWAKE_IND
  0 1 2 3 4 5 6 7

PARENT_AWAKE_IND
  1 2 3 4 5 6 7

DOF_AWAKE_IND
  0 1 2 3 4 5

CONTACT
  0:
     dim           3
     geoms         1 : 2
     exclude       0
     efc_address   2
     solref         0.02      1       
     solimp         0.9       0.95      0.001     0.5       2       
     dist          -0.1     
     includemargin  0       
     pos            0.052     0.21      0.14    
     frame          0.0025    0.78      0.62     -0.002    -0.62      0.78      1        -0.0032    0       
     friction       1         1         0.005     0.0001    0.0001  
     mu             1       
     force          1.6e+05  -11       -34        0         0         0       
  1:
     dim           3
     geoms         1 : 3
     exclude       0
     efc_address   6
     solref         0.02      1       
     solimp         0.9       0.95      0.001     0.5       2       
     dist          -0.025   
     includemargin  0       
     pos            0.18      0.19      0.18    
     frame          0.79      0.014     0.61     -0.011     1        -0.0085   -0.61      0         0.79    
     friction       1         1         0.005     0.0001    0.0001  
     mu             1       
     force          4.4e+03  -0.041     11        0         0         0       
  2:
     dim           3
     geoms         1 : 5
     exclude       0
     efc_address   10
     solref         0.02      1       
     solimp         0.9       0.95      0.001     0.5       2       
     dist          -0.1     
     includemargin  0       
     pos            0.052    -0.21      0.14    
     frame          0.0058   -0.79      0.62     -0.0046    0.62      0.79     -1        -0.0074    0       
     friction       1         1         0.005     0.0001    0.0001  
     mu             1       
     force          1.6e+05  -27        85        0         0         0       
  3:
     dim           3
     geoms         1 : 6
     exclude       0
     efc_address   14
     solref         0.02      1       
     solimp         0.9       0.95      0.001     0.5       2       
     dist          -0.025   
     includemargin  0       
     pos            0.19     -0.2       0.17    
     frame          0.8      -2.1e-06   0.6       1.7e-06   1         1.3e-06  -0.6       0         0.8     
     friction       1         1         0.005     0.0001    0.0001  
     mu             1       
     force          4.4e+03  -0.0012    3.3e+02   0         0         0       

EFC_TYPE
  3
  3
  6
  6
  6
  6
  6
  6
  6
  6
  6
  6
  6
  6
  6
  6
  6
  6

EFC_ID
  0
  3
  0
  0
  0
  0
  1
  1
  1
  1
  2
  2
  2
  2
  3
  3
  3
  3

EFC_J
   1         0         0         0         0         0       
   0         0         0        -1         0         0       
   0.0029    0         0         0         0         0       
  -0.00032   0         0         0         0         0       
   0.0064    0         0         0         0         0       
  -0.0038    0         0         0         0         0       
  -0.041     0.0039    0         0         0         0       
  -0.043     0.004     0         0         0         0       
  -0.17      0.016     0         0         0         0       
   0.089    -0.0081    0         0         0         0       
   0         0         0        -0.0029    0         0       
   0         0         0         0.00029   0         0       
   0         0         0         0.0038    0         0       
   0         0         0        -0.0064    0         0       
   0         0         0         0.045     0.0038    0       
   0         0         0         0.045     0.0038    0       
   0         0         0         0.18     -0.0086    0       
   0         0         0        -0.087     0.016     0       

IEFC_J
   1         0         0       ......... ......... ......... 
   0.0029    0         0       ......... ......... ......... 
  -0.00032   0         0       ......... ......... ......... 
   0.0064    0         0       ......... ......... ......... 
  -0.0038    0         0       ......... ......... ......... 
  -0.041     0.0039    0       ......... ......... ......... 
  -0.043     0.004     0       ......... ......... ......... 
  -0.17      0.016     0       ......... ......... ......... 
   0.089    -0.0081    0       ......... ......... ......... 
 ......... ......... .........  -1         0         0       
 ......... ......... .........  -0.0029    0         0       
 ......... ......... .........   0.00029   0         0       
 ......... ......... .........   0.0038    0         0       
 ......... ......... .........  -0.0064    0         0       
 ......... ......... .........   0.045     0.0038    0       
 ......... ......... .........   0.045     0.0038    0       
 ......... ......... .........   0.18     -0.0086    0       
 ......... ......... .........  -0.087     0.016     0       

EFC_POS
  -0.0089  
  -0.03    
  -0.1     
  -0.1     
  -0.1     
  -0.1     
  -0.025   
  -0.025   
  -0.025   
  -0.025   
  -0.1     
  -0.1     
  -0.1     
  -0.1     
  -0.025   
  -0.025   
  -0.025   
  -0.025   

EFC_MARGIN
   0       
   0       
   0       
   0       
   0       
   0       
   0       
   0       
   0       
   0       
   0       
   0       
   0       
   0       
   0       
   0       
   0       
   0       

EFC_FRICTIONLOSS
   0       
   0       
   0       
   0       
   0       
   0       
   0       
   0       
   0       
   0       
   0       
   0       
   0       
   0       
   0       
   0       
   0       
   0       

EFC_DIAGAPPROX
   27      
   27      
   0.13    
   0.13    
   0.13    
   0.13    
   1.1     
   1.1     
   1.1     
   1.1     
   0.13    
   0.13    
   0.13    
   0.13    
   1.1     
   1.1     
   1.1     
   1.1     

EFC_KBIP
   2.8e+03   1.1e+02   0.95      0       
   2.8e+03   1.1e+02   0.95      0       
   2.8e+03   1.1e+02   0.95      0       
   2.8e+03   1.1e+02   0.95      0       
   2.8e+03   1.1e+02   0.95      0       
   2.8e+03   1.1e+02   0.95      0       
   2.8e+03   1.1e+02   0.95      0       
   2.8e+03   1.1e+02   0.95      0       
   2.8e+03   1.1e+02   0.95      0       
   2.8e+03   1.1e+02   0.95      0       
   2.8e+03   1.1e+02   0.95      0       
   2.8e+03   1.1e+02   0.95      0       
   2.8e+03   1.1e+02   0.95      0       
   2.8e+03   1.1e+02   0.95      0       
   2.8e+03   1.1e+02   0.95      0       
   2.8e+03   1.1e+02   0.95      0       
   2.8e+03   1.1e+02   0.95      0       
   2.8e+03   1.1e+02   0.95      0       

EFC_D
   0.71    
   0.71    
   1.5e+02 
   1.5e+02 
   1.5e+02 
   1.5e+02 
   17      
   17      
   17      
   17      
   1.5e+02 
   1.5e+02 
   1.5e+02 
   1.5e+02 
   17      
   17      
   17      
   17      

EFC_R
   1.4     
   1.4     
   0.0067  
   0.0067  
   0.0067  
   0.0067  
   0.06    
   0.06    
   0.06    
   0.06    
   0.0067  
   0.0067  
   0.0067  
   0.0067  
   0.06    
   0.06    
   0.06    
   0.06    

CVEL
   0         0         0         0         0         0       
   0         0         0         0         0         0       
   0         0.13     -5.5e-07  -0.0024   -2.5e-08  -0.006   
   0         0.26     -1.1e-06  -0.012     2.8e-08   0.0066  
   4.1e-17  -0.48      2e-06    -0.043    -9.8e-07  -0.23    
   0        -0.53     -2.2e-06   0.0098   -1e-07     0.024   
   6.3e-18  -0.3      -1.3e-06  -0.0067   -1.9e-07   0.046   
   7.7e-17   0.97      4.1e-06   0.049    -1.9e-06   0.45    

CDOF_DOT
  -0         0         0         0         0         0       
   1.1e-22   0         0         0.018     2.8e-08   0.0066  
   2.1e-22   6.2e-23   1.5e-17   0.077    -9.6e-08  -0.023   
   0         0        -0         0         0        -0       
   0         6.2e-23  -1.5e-17   0.074    -1.2e-07   0.028   
   2.1e-22   9.7e-23  -2.3e-17   0.14      2.8e-08  -0.0065  

QFRC_BIAS
  -5.5     
  -3.2     
   0.00077 
   5.4     
   3.1     
  -0.0026  

QFRC_SPRING
   0       
   0       
   0       
   0       
   0       
   0       

QFRC_DAMPER
   0       
   0       
   0       
   0       
   0       
   0       

QFRC_GRAVCOMP
   0       
   0       
   0       
   0       
   0       
   0       

QFRC_FLUID
   0       
   0       
   0       
   0       
   0       
   0       

QFRC_PASSIVE
   0       
   0       
   0       
   0       
   0       
   0       

EFC_VEL
   0.13    
  -0.53    
   0.00038 
  -4.1e-05 
   0.00084 
  -0.0005  
  -0.0049  
  -0.005   
  -0.02    
   0.01    
  -0.0015  
   0.00015 
   0.002   
  -0.0034  
   0.023   
   0.023   
   0.095   
  -0.05    

EFC_AREF
   9.7     
   1.4e+02 
   2.7e+02 
   2.7e+02 
   2.7e+02 
   2.7e+02 
   67      
   67      
   68      
   65      
   2.7e+02 
   2.7e+02 
   2.7e+02 
   2.7e+02 
   63      
   63      
   55      
   70      

SUBTREE_LINVEL
   0         0         0       
   0         0         0       
   0         0         0       
   0         0         0       
   0         0         0       
   0         0         0       
   0         0         0       
   0         0         0       

SUBTREE_ANGMOM
   0         0         0       
   0         0         0       
   0         0         0       
   0         0         0       
   0         0         0       
   0         0         0       
   0         0         0       
   0         0         0       

QFRC_ACTUATOR
   0       
   0       
   0       
   0       
   0       
   0       

QFRC_SMOOTH
   5.5     
   3.2     
  -0.00077 
  -5.4     
  -3.1     
   0.0026  

QACC_SMOOTH
   46      
  -31      
  -15      
  -46      
   31      
   15      

EFC_B
   37      
  -89      
  -2.7e+02 
  -2.7e+02 
  -2.7e+02 
  -2.7e+02 
  -69      
  -69      
  -77      
  -61      
  -2.7e+02 
  -2.7e+02 
  -2.7e+02 
  -2.7e+02 
  -64      
  -64      
  -63      
  -66      

EFC_FORCE
   0.72    
   17      
   4e+04   
   4e+04   
   4e+04   
   4e+04   
   1.1e+03 
   1.1e+03 
   1.1e+03 
   1.1e+03 
   4e+04   
   4e+04   
   4e+04   
   4e+04   
   1.1e+03 
   1.1e+03 
   1.3e+03 
   9.3e+02 

EFC_STATE
  0
  1
  1
  1
  1
  1
  1
  1
  1
  1
  1
  1
  1
  1
  1
  1
  1
  1

QFRC_CONSTRAINT
   23      
   18      
   0       
   15      
   12      
   0       

QFRC_INVERSE
   0       
   0       
   0       
   0       
   0       
   0       

CACC
   0         0         0         0         0         0       
   0         0         0         0         0         0       
   0         0         0         0         0         0       
   0         0         0         0         0         0       
   0         0         0         0         0         0       
   0         0         0         0         0         0       
   0         0         0         0         0         0       
   0         0         0         0         0         0       

CFRC_INT
   0         0         0         0         0         0       
   0         0         0         0         0         0       
   0         0         0         0         0         0       
   0         0         0         0         0         0       
   0         0         0         0         0         0       
   0         0         0         0         0         0       
   0         0         0         0         0         0       
   0         0         0         0         0         0       

CFRC_EXT
   0         0         0         0         0         0       
   0         0         0         0         0         0       
   0         0         0         0         0         0       
   0         0         0         0         0         0       
   0         0         0         0         0         0       
   0         0         0         0         0         0       
   0         0         0         0         0         0       
   0         0         0         0         0         0       

TREE_ISLAND
  0 1

ISLAND_NTREE
  1 1

ISLAND_ITREEADR
  0 1

MAP_ITREE2TREE
  0 1

DOF_ISLAND            0 0 0 1 1 1

ISLAND_NV             3 3

ISLAND_IDOFADR        0 3

MAP_IDOF2DOF          0 1 2 | 3 4 5

EFC_ISLAND            0 1 0 0 0 0 0 0 0 0 1 1 1 1 1 1 1 1

ISLAND_NEFC           9 9

ISLAND_IEFCADR        0 9

MAP_IEFC2EFC          0 2 3 4 5 6 7 8 9 | 1 10 11 12 13 14 15 16 17

